%this script save the conditional motality risks and update the discount
%rate

survprob(1,1) = 0.99845;
survprob(2,1) = 0.99839;
survprob(3,1) = 0.99833;
survprob(4,1) = 0.9983;
survprob(5,1) = 0.99827;
survprob(6,1) = 0.99826;
survprob(7,1) = 0.99824;
survprob(8,1) = 0.9982;
survprob(9,1) = 0.99813;
survprob(10,1) = 0.99804;
survprob(11,1) = 0.99795;
survprob(12,1) = 0.99785;
survprob(13,1) = 0.99776;
survprob(14,1) = 0.99766;
survprob(15,1) = 0.99755;
survprob(16,1) = 0.99743;
survprob(17,1) = 0.9973;
survprob(18,1) = 0.99718;
survprob(19,1) = 0.99707;
survprob(20,1) = 0.99696;
survprob(21,1) = 0.99685;
survprob(22,1) = 0.99672;
survprob(23,1) = 0.99656;
survprob(24,1) = 0.99635;
survprob(25,1) = 0.9961;
survprob(26,1) = 0.99579;
survprob(27,1) = 0.99543;
survprob(28,1) = 0.99504;
survprob(29,1) = 0.99463;
survprob(30,1) = 0.9942;
survprob(31,1) = 0.9937;
survprob(32,1) = 0.99311;
survprob(33,1) = 0.99245;
survprob(34,1) = 0.99172;
survprob(35,1) = 0.99091;
survprob(36,1) = 0.99005;
survprob(37,1) = 0.98911;
survprob(38,1) = 0.98803;
survprob(39,1) = 0.9868;
survprob(40,1) = 0.98545;
survprob(41,1) = 0.98409;
survprob(42,1) = 0.9827;
survprob(43,1) = 0.98123;
survprob(44,1) = 0.97961;
survprob(45,1) = 0.97786;
survprob(46,1) = 0.97603;
survprob(47,1) = 0.97414;
survprob(48,1) = 0.97207;
survprob(49,1) = 0.9697;
survprob(50,1) = 0.96699;
survprob(51,1) = 0.96393;
survprob(52,1) = 0.96055;
survprob(53,1) = 0.9569;
survprob(54,1) = 0.9531;
survprob(55,1) = 0.94921;
survprob(56,1) = 0.94508;
survprob(57,1) = 0.94057;
survprob(58,1) = 0.9357;
survprob(59,1) = 0.93031;
survprob(60,1) = 0.92424;
survprob(61,1) = 0.91717;
survprob(62,1) = 0.90922;
survprob(63,1) = 0.90089;
survprob(64,1) = 0.89282;
survprob(65,1) = 0.88503;
survprob(66,1) = 0.87622;
survprob(67,1) = 0.86576;
survprob(68,1) = 0.8544;
survprob(69,1) = 0.8423;
survprob(70,1) = 0.82942;
survprob(71,1) = 0.8154;
survprob(72,1) = 0.80002;
survprob(73,1) = 0.78404;
survprob(74,1) = 0.76842;
survprob(75,1) = 0.75382;
survprob(76,1) = 0.73996;
survprob(77,1) = 0.72464;
survprob(78,1) = 0.71057;
survprob(79,1) = 0.6961;
survprob(80,1) = 0.6809;

Delta = Beta.*survprob;
